7
200
6469	-1658	-2632	926	-7987	-2318	2871	7932	3474	2791	5588	3281	379	845	1512	-8271	8284	-175	-4786	-9096
1386	-598	-6579	-7727	-7179	562	-3440	1218	3211	-840	-9931	-7434	-7454	-5896	-1684	-5149	-3229	1893	-3996	-5228
2827	-7385	-5252	-2387	7917	-7524	9236	-6618	-7720	1915	8695	2673	5709	-3101	6281	4592	-3158	-2989	4515	6725
-8985	5774	6925	3325	-9142	-7214	-5213	4803	5153	-7897	-3202	9807	-5	-937	-9949	-8512	-3260	4153	433	4432
-573	5444	-692	1562	2715	5	-4139	6125	9908	-8371	-7465	2982	8854	8402	4998	3392	1041	-165	-2323	5682
5586	-1894	-4194	2721	8566	8213	-8494	-9901	2314	-2001	-8373	2274	-3554	-8433	-3416	3753	8086	1969	7703	-3956
-6135	6121	-6319	-452	3718	5391	-9757	-4125	-5882	8950	3406	-7390	-884	2751	9289	6305	-7717	9598	197	7910
-8421	6881	93	1698	2171	6839	-8788	2676	342	-858	9465	7935	-1208	-571	5943	3568	-4584	-4301	3927	-7928
6596	-3289	-5633	-9321	6509	2202	2122	8087	7498	7335	3899	-5703	-1438	8760	1475	-9175	5775	-2896	7270	-3718
9179	8705	5431	-5597	5583	-4378	3098	9776	9467	306	-6242	-682	-3538	8744	-9766	8190	7693	-338	-7782	9405
10
8 1 6 9 12 8 1 0 2 5
100
-5918	2702	5279	7903	-8438	2677	-7148	-4147	6051	522
-1742	-8411	-723	8967	419	4655	7870	-8252	-9549	-3411
-581	3558	65	-4353	-7089	-6833	-7159	2320	-2013	-845
-3415	-1996	-4300	-2025	-5406	1340	9866	3212	-3594	-8081
-4160	6157	3749	8332	9790	-724	4959	1555	4227	4227
6133	-5631	-7260	7388	8216	8521	900	-3547	1737	-4092
-9528	-4801	2310	8239	-7736	-1013	-3810	-8206	-4192	3409
6764	1269	-8172	5579	-8617	7259	9716	-9412	-2801	464
9771	2493	4172	-1341	8284	-5502	-440	-4823	-452	9794
-2365	-9813	-6282	-8144	8792	-6942	3392	-5330	4519	8224
6
91 32 80 4 82 80
1000
1361	-7436	-6150	-8692	-9394	7208	1048	5591	-9216	-1925	-2727	-8121	-7546	9156	9516	-8443	-9333	1375	-259	-9079
9592	2657	-273	-5331	511	-8594	-8979	-8640	3783	-7878	-8244	-3447	-8793	5297	702	-15	393	-8885	5571	-7447
-4136	-8144	3227	-5786	-9534	91	-8419	-4005	337	-9378	-6242	5762	-3354	3779	140	7787	-9509	-9797	8809	-6391
7081	-25	-6292	-8948	2124	-3184	-7953	-5450	-4728	615	-692	-9852	8844	896	-5509	-8621	3651	-5251	5889	-5789
-6652	9844	-724	2267	9160	-8966	-1320	4656	1134	8458	8899	-8155	4599	-2829	9855	-6666	-7447	2046	524	1121
-5086	-9880	4551	5905	-1240	3620	-7564	-7302	-7391	-3720	7693	-6854	1409	-2232	1958	-6385	-4855	-9170	5005	-3165
5298	5293	-9201	-9214	-835	-2129	-9386	-2763	1288	-6624	-2868	-6219	1476	-6797	-6524	-2707	-7761	3938	9552	-8919
-5525	-6428	-939	4256	1627	-7412	267	7909	-6436	7283	1888	7110	1908	7654	5992	-1662	1334	-9449	4957	-133
-6563	-2417	7723	-1146	-1952	4080	8990	-874	6612	7380	-9135	-9504	4675	6026	2967	55	-3590	-253	7610	4276
-316	-5472	-3254	-5290	8923	1089	5048	203	8896	7250	-1617	6682	-1318	7893	-2898	7097	9519	5049	7648	-7665
-5530	4953	9958	2683	2605	7251	9456	-4754	-8212	5748	3646	6092	1101	8053	8617	7646	6927	6418	6410	7789
-2107	1569	8910	-9787	2549	-8947	1910	-9015	7424	-7259	-6922	-3436	-7814	-2440	7259	8537	-6264	5658	-3896	5427
8833	-599	7562	1273	6611	-8091	5513	3267	-9135	1826	-8975	-9997	2946	-4874	8002	-8855	6962	1198	2412	-3231
-3573	-6951	1472	6820	8247	7226	9481	-2094	-9195	5211	3135	-9557	-7645	-7386	-4225	-7670	9169	-8752	1537	-3564
-4167	7980	-3601	197	-5967	-4449	-9165	1398	1379	-713	8686	6803	-3018	7113	7085	9941	5978	-1841	9145	-1625
-6140	6830	7537	1328	-3085	-8574	-4607	-2079	5163	3809	-5698	-6719	3923	4050	9243	-3322	-9704	-6678	9293	-8301
3853	-6562	-6679	-4545	3665	-4513	1576	8378	-6306	-4464	-2097	2164	-5591	2542	594	6364	-3258	8845	-4279	3139
-3177	2780	-6938	7903	5648	1707	-3726	1798	-7836	-7205	4505	-7052	5778	-903	-6989	240	-758	8418	9794	3742
8801	5330	2965	-4931	5244	9495	5250	-3947	9476	1513	-2664	-5447	-1551	-6703	1451	-348	5030	2572	2327	7191
-9840	6862	-7536	2503	-450	5001	-7899	4151	5450	1663	6021	-1752	6514	-7713	-2378	-2388	1112	2119	6067	6107
-419	-5221	-8666	5707	-3536	7701	-9520	-8612	3198	3319	481	-5038	-9518	15	-6249	1489	-1032	352	-7015	3169
-9704	2722	9892	4205	6877	9365	6332	5000	1392	-9041	2764	-435	5554	-3622	-6551	-7649	-9487	-8802	8337	-5272
3328	-371	-7427	-503	-7978	430	-7323	-76	-2596	5633	6408	2279	9053	-7049	-9160	8701	-9588	3723	4388	-19
8154	8892	-1510	3268	8480	-7240	-941	-706	7498	62	2750	-2764	9294	8275	-2281	3778	-5856	-6873	-1485	4226
159	6210	-2570	749	5926	-1519	6724	2618	-991	-1350	8810	4626	-3536	5638	90	6022	7482	-9190	4495	-3404
43	8360	-5605	3149	-6010	-3772	-8255	-3544	1253	4848	-4775	-2338	2209	5195	4464	3079	-1653	-8382	1022	-7755
6781	984	7649	-3244	-4663	-9328	-6280	3232	-2732	4813	2340	1646	1928	-2124	-5567	-8277	1949	1672	-3241	-3460
-3737	-5389	-5738	-1884	9104	-1683	5812	-7260	6381	-2218	6193	6507	490	-1944	-3019	5	-9095	-4372	6798	9860
-8511	-4783	9632	-1620	1486	552	247	-8265	3662	3205	3805	166	7637	1762	6904	2864	-8605	-3883	-52	-929
8331	9549	5854	-5180	6135	-3249	9144	12	4534	7005	-6919	-774	-472	-5376	-2703	-1881	-725	1005	8976	-4978
-7526	-6878	-1031	-7687	9069	-9371	9261	-8185	-2853	6599	9490	-5228	1433	7609	-8250	-9756	-7819	6343	7879	1228
1894	6877	6821	4714	-8217	-5045	-5051	5075	-1510	-7746	3613	-3233	-194	4870	7072	7866	-1834	1293	398	6618
-6576	1426	-1447	-2373	3620	-7678	6052	-9677	4857	-3785	1533	6205	9727	-6305	-8578	6355	7040	1738	-567	6236
9646	3056	-2454	-2606	5458	8148	-456	9907	-2263	-8435	1989	-6698	6713	1461	2325	-2888	6102	7572	9235	2016
4191	8460	-8854	5497	8822	2054	-3332	-939	6925	1833	1646	6145	-7679	-1408	6058	-5637	5956	5819	-7199	-8398
-5848	7973	9703	5547	-3132	9384	1191	9288	2149	-3156	-8028	7402	708	-8762	6797	-3369	5106	1716	4093	-4062
6542	-6066	-2102	-6983	3591	-1752	413	-7701	6437	8680	-1287	5770	7523	7712	-7181	-9462	3617	-4719	-1085	-4329
-817	8540	4632	-7146	-4883	-9696	-1425	7919	9951	9223	-2984	8518	9090	-2323	9582	4015	-337	9318	-152	-8353
-3014	3137	-2339	3678	-1686	5775	-7162	-7052	-3833	3785	6680	-2081	-2773	-412	-2978	1710	-6130	1176	4949	9976
2076	7011	-7354	8270	8843	1383	8639	7677	-3993	-4767	-4307	-4738	6191	8705	-6794	6064	-2472	3214	6117	8436
-9119	5026	-610	-8608	2395	8987	8725	-1767	-7828	9440	-2902	9960	-6688	-3747	1111	-1455	1183	-9251	6191	-1546
-1602	8444	-4895	1931	3594	5695	-28	5599	-4205	-498	1531	-8591	-1287	2467	-4159	-7475	3879	9519	6636	2936
-1687	2368	9764	4158	3839	-4130	8964	-2827	4727	-8612	-7009	6998	8786	-8584	8301	3887	-5115	6700	4171	3545
6978	9725	8601	-294	-9185	5893	1879	-9490	-4692	-2235	-8835	4602	9935	5922	7682	-1280	8957	4303	-4484	7670
9023	-4667	2111	6268	6035	9041	4635	3650	-8880	-6999	-1606	-3259	8120	-8666	-1601	-8323	-9389	6745	-6726	-9105
6441	5521	3477	-5229	693	9315	-3477	9038	-6498	-8984	-535	8546	6025	2721	-976	-6635	-5930	-1087	-6265	694
6798	4521	9463	-9393	3770	-4880	-1325	2689	-8107	4409	449	-8027	8877	883	-9880	6169	1197	-6325	-8258	-4906
2586	6975	-7802	6927	5561	6633	7703	-8045	-1629	302	3993	-2867	-3292	1516	-194	-6243	-6218	5034	-7699	-7805
2137	7065	2037	-5535	-82	9971	3649	-8499	-2942	8724	-6389	9420	-347	-6058	-1080	5574	-3098	9338	2272	2392
-3515	8040	-9486	-5093	-2779	2795	2720	7706	2233	-9989	-6926	9213	-8583	6530	8275	4703	1035	7385	5346	-1812
662
4415	-7481	5648	9741	4254	4877	-2891	4759	-5085	8317	2759	-8441	-8023	2368	-8313	3602	-3364	7146	-1562	6195
54	-9451	-623	-7073	2487	-9252	7750	-8016	2588	2786	8273	2736	2639	-5980	3009	-9291	8910	-7455	-8236	-5495
-3255	2090	3814	-7953	7555	-9585	-1065	1871	7452	-6823	3458	-3143	7276	-8897	9207	-8498	-4052	-1464	-5302	1582
5665	6889	284	9074	-6629	446	-7678	-2418	8482	-2525	-2348	-3231	-1429	-469	-740	6971	-7320	5773	-7895	5341
-4000	5691	9986	-5556	-9360	3955	-5413	7110	-2130	8829	8293	5005	9044	3168	4190	153	-7727	-7886	4098	-2524
-4159	2107	-1256	6658	2001	3298	-2143	99	-9844	7422	1087	-6624	-5887	3040	-3099	3587	-5236	7008	6925	6321
5099	-8292	3948	-5605	3664	9415	-6685	-1436	9647	6546	3954	1721	-1561	-1008	7767	5148	-5519	-6336	-1054	848
7521	5395	-3712	-537	5376	8540	4917	5635	-5804	7809	-917	8522	-299	-3409	6776	-9226	-3622	-3720	9736	-7813
-7099	-8318	-8375	-3316	-9947	-1676	5673	-4830	7943	-3884	-1654	5015	1618	2634	747	-6927	8489	-8798	2613	2032
-3356	8325	4402	-8523	7918	-9995	-7768	4419	-7899	4368	6197	-4152	7609	-7256	6658	867	6533	-7172	7813	9281
-4611	4397	7424	-8814	-6337	7435	-2943	-6684	-1912	-4979	-3863	-8532	3289	5146	-1624	-8681	2294	-2563	6056	-7477
8661	-9728	-2670	5285	-3366	-4086	-3406	-7126	2741	4023	4398	4293	4074	7983	-5502	3746	-6478	9729	-9802	3264
-7642	8974	-3589	8175	-275	-1529	-8886	7051	-3239	4513	6889	-7034	1126	7641	6944	-8878	2354	-4885	-486	1113
-2629	8888	4338	-2870	-7677	9406	9439	3957	488	6337	540	1966	-6921	-1753	5061	4040	-4023	408	-4583	-574
5820	3383	5515	4429	-1932	2164	-9130	-6220	1040	8992	7882	9195	-2803	8493	-4701	7990	-1400	2113	9174	-2368
-390	-7109	7935	9289	-6064	2084	3882	9399	-7213	-8138	235	-5784	-4225	-2110	2443	-5824	-2225	715	-804	-7457
-5223	547	4329	5647	5340	5379	1916	5732	3051	1913	-4692	-1953	7011	597	9973	-1976	-3575	4778	-4444	-3671
-6794	-1725	-1309	-93	3278	-8971	-3331	-2294	-2821	-7154	-9639	-6631	-8228	1875	-388	-3262	651	-3443	6077	-7886
3230	-1283	-1539	-7989	576	-8476	9675	-1791	7298	8572	9882	2535	5947	-5605	7571	-3063	-6941	-8303	-9010	-2592
5420	1722	-7806	5022	-3597	-4208	335	-2462	5533	8217	-7478	1721	9492	-1914	3429	-3922	6972	318	3559	-2935
-2312	-4356	3575	1681	-3155	6426	-6948	3353	6648	6726	-7173	-8344	-2909	-1102	-7795	-8122	4214	1627	-3486	8225
-8960	41	-6426	295	7377	3499	-2254	1668	783	4511	7174	-7302	-6223	-7449	-5522	7481	-3839	-2521	495	6578
-1507	1555	449	-4668	-526	-7496	3515	-6606	-3011	9938	-7994	-3146	-5906	-8038	6220	-250	2543	5432	-4269	5629
3054	-8708	-6774	-37	-9852	4337	-9866	6947	6520	-5655	8391	3925	2597	940	-6185	4077	-8013	2633	-8250	7767
-2567	9029	1420	2896	-5069	-6977	9206	-8084	9474	2442	407	-5911	9816	1061	-3778	2641	6852	4503	1688	-6261
4474	7100	7109	-642	-2288	-8506	-7757	3647	94	2442	5951	8002	-992	-5063	7879	2837	-7517	8409	-6855	8959
-346	-5079	-6331	-9369	-3756	9396	3777	-1313	-9781	-3847	5509	-9172	5801	1685	-9361	-3238	2837	8487	6811	2385
5397	-1563	615	5973	-8079	-7507	-8449	2548	-3235	-5715	-4866	6564	-3405	-3668	-3790	7366	9104	7660	9370	-828
8983	7679	5241	-8944	7733	-587	-7504	2491	9000	8268	-8513	5335	-6276	6245	-8175	1214	-9337	-5736	-4819	7789
2853	-3269	-3627	-5504	7757	5218	-649	282	-3538	4674	-7040	3735	-6230	-4131	-2625	-3694	1335	-5497	7481	1599
7551	6632	8163	1839	-2147	-6497	-7244	-9496	7228	3527	9108	3890	-6054	-7544	7925	7449	6281	611	3652	317
-351	682	4472	-334	6310	4302	2277	-1600	-9503	8434	-718	-2721	7164	9932	-1779	1154	-637	7056	1448	9011
7193	2008	9329	-2219	328	1588	418	4194	2004	-2370	-9553	2580	-2376	4375	-2645	-4039	-6120	2417	9127	-1520
4663	366	
2300-3990	4396	7139	-4992	-8544	-7343	5189	-8879	-4641	-6553	-7758	4127	4862	9273	-951	8941	8222	6606	-1579	7690
-5748	-7446	22	4827	-99	4872	-2265	-3073	2439	8616	-5136	1887	-6171	6893	-7030	622	-3225	5365	5685	-1900
5978	2809	-7449	-2421	8285	5753	9153	5282	8558	1210	4756	-523	-2712	-3577	-9922	-2074	-4491	-5456	4587	-8918
-9754	-2583	-8687	4424	5720	2606	6336	861	7848	-7092	3378	-5141	-6173	-6877	-1277	-573	2626	3802	-6416	5855
-4307	3057	-7355	7278	-2988	-4399	-4085	2211	-9005	-5780	8949	5053	-3915	2569	-6334	-8395	7762	184	-5552	-6852
-2386	272	-4820	-2644	7369	-9510	4522	-7387	-2295	-3822	-2445	-5664	6520	-7299	5404	-3508	-4375	6102	-7839	6274
-9609	-7461	716	-4476	6752	-5153	-3144	-2433	-6483	8205	-4574	-8327	4243	6497	2617	6218	5200	5676	6127	-6476
-3409	-9809	-7438	-103	3098	-6062	3653	-3902	4676	-2218	-6401	-7674	7254	8984	4759	-7909	-6617	1574	-5264	-6373
-1704	939	3808	-2696	9247	2503	-7157	-8738	2682	-6922	6575	-5140	-5217	-6973	-1532	2508	-4159	1127	5367	-6372
-3138	-8911	6476	-9393	8697	-6892	104	-7443	-7672	195	-4520	4792	9721	9126	-1918	-1610	2609	6970	-5533	9954
1014	9307	3430	-3861	-1262	371	1470	5003	3563	6049	8083	329	5448	-1652	1477	-5354	7070	6879	6282	-825
928	7708	-903	9828	-5885	-7005	989	5956	9558	-1794	-3213	5002	-3083	-4808	3846	319	-3701	4160	-446	-7780
4300	-7774	-1488	9794	-342	8096	-512	-3018	-138	-8842	7374	-2193	-5903	-7069	3355	-6551	9114	-7950	3182	7969
-6809	7288	-8260	591	-5834	-9340	6859	7425	-380	2034	943	-4059	-5047	-182	-2148	-8573	-845	372	672	-3816
-4144	-6348	-5784	-5246	5311	-3402	-7060	4562	3594	7760	3057	2339	-3003	57	5301	4576	-7991	7017	2456	-7024
-8988	-4046	9298	5503	-5655	-6163	-4565	-9415	-6232	974	-376	5669	-7172	6580	6543	-8091	9381	-8077	-9981	9205
-6044	-3698	-8234	4299	8537	-2206	-1044	-860	-4221	-5361	-5575	8415	7688	-2454	7678	-604	6929	3513	8021	6760
9861	3355	-3406	9871	1779	4394	5853	2146	3617	5550	4442	-9300	1156	8789	-2646	9958	7319	-3324	8530	-2595
8762	-4056	2672	9024	-8763	2293	-7880	-9752	8656	-6278	1712	-2590	2030	4975	-1661	1871	4272	-5649	-4246	-1071
-2468	-5578	3786	-9330	-6253	5109	-5061	-7744	-9940	-8461	-3946	-1404	-3245	-1284	-2907	-671	-3847	-8855	6216	1861
4388	-4425	9847	-4489	-6302	-1222	-9037	6629	3615	2341	-4942	-22	615	-452	2019	9921	2552	-5135	7732	-5260
5406	989	6770	9982	7536	-4767	-3101	3718	-3266	4461	6447	4182	-6146	3973	-2282	-962	8843	-1795	-1369	-4493
-2400	9004	-3965	9678	2094	7289	5172	-3495	-6621	4857	-6587	-9620	1031	6852	-2657	-5964	2255	-3195	1903	190
1929	-1644	-9554	6931	138	7695	-9222	1845	3552	4733	-9195	6430	-7296	8100	4765	1748	-5104	744	9572	-962
3621	-1538	6280	-3395	-5645	6685	-128	-2931	492	-3390	-1535	9336	-1160	-9249	-9152	8915	-5877	-2851	1210	-9900
1590	3735	-4596	6942	-4474	7210	-6239	5516	-9281	-7740	1416	-3491	7001	-7723	132	3368	-3049	-9586	8226	-6160
-8184	3286	9206	755	9226	7820	-3723	7239	-6652	2804	-9087	5574	8054	-2613	-8170	9610	1921	6441	1803	207
4397	7535	-986	3884	5985	-6390	-7683	-832	4342	-7304	4208	-3644	-8553	2311	-8984	-3034	-9127	4203	2219	-9214
5801	-4005	-4565	1262	1287	3623	4054	-6105	-3708	-351	-4975	-4487	9910	4702	7704	-9963	3937	4268	-2111	-2433
-4937	-3565	-36	-7902	2234	-1505	-1159	3787	7419	-2738	-8308	-1389	6560	-8951	-4978	-295	9848	-1148	-3967	8352
2014	4089	-4324	-8348	1481	9424	-637	1947	1268	6003	3716	-5058	7047	2539	-4270	708	-6187	-5107	5025	-9954
6593	-8531	5026	984	9789	3302	-7130	4036	3191	1739	7366	-3409	5478	-8882	9545	5814	4817	-5671	-4529	3827
-2342	-3005	3660	-6236	-9641	2061	-9826	-7951	-4917	8614	-6393	-8732	8236	4705	7190	2094	2024	-9861	-2216	5412
-1012	-4344	-2475	7287	-4834	-2072	4297	-3888	-3631	-7013	8913	-9358	8747	7563	-4353	-2423	5426	-4101	-4736	7556
-5581	5504	5656	202	-6807	5097	-5537	-5020	4582	-5635	767	2146	8822	-3611	-8077	-7661	2907	-9454	-249	-6731
5283	-4834	7438	5506	4467	-1468	-150	-7275	2961	8566	-2484	9413	3688	1280	-727	-3760	-6230	-6865	2505	-3588
-562	-3011	1100	303	321	-6332	-3438	-2524	-2376	9478	8900	7997	4598	6741	1221	-165	-3978	3894	-9571	3717
-5229	4403	949	7552	-2639	-576	7227	4425	9055	-2314	7137	5673	8988	1579	3234	-3241	-3167	5000	6038	5175
2647	9848	9363	-6238	-393	-9982	1190	7680	8922	8307	535	-439	1318	-1360	2891	-6812	-3972	2965	-4645	-3125
-4446	-9902	-2826	1336	-343	9613	2477	3004	7051	-705	1540	-4606	-842	8144	664	-4903	-1105	-5779	-6844	3154
-1675	-1302	2857	1432	4990	-9706	-7296	9772	-2901	7132	-2186	6211	-8597	-8987	-8748	5173	1921	-8132	7911	9869
6311	-7474	3636	-6604	4663	5961	-2630	4804	6051	-7346	5514	9327	-9399	-8445	-9302	-9472	-938	6234	1821	-9498
-1214	7164	-8940	9511	-3382	3511	7907	-599	1783	2256	-6623	9717	-4208	1364	-3685	3018	-1708	-1883	185	-6747
-9537	-2436	2952	-7870	-1100	2914	9197	-8171	477	7642	159	6306	5203	-6905	6950	4129	2290	-5965	-1037	5880
-3443	105	-2986	-4167	4680	6601	-6162	-5833	3263	-2590	7979	8596	8769	-9114	4047	775	3712	-2250	8390	269
-4526	56	4429	5893	2388	921	-5737	-6900	7964	9161	-9892	-7082	7650	-2178	-4490	-8128	-4597	-933	-6571	1883
1720	-8825	-3230	-1861	7268	-6216	8385	4451	3843	742	-5772	6237	-298	1903	-1641	-2731	2073	990	-8265	2678
-5768	1956	-7480	5279	-8535	-6687	-6531	-9506	5133	4595	-3266	-1114	5718	5994	-4702	2767	-8208	-58	-5533	-1400
-6954	-8358	-7136	-3013	-8702	8121	7569	7321	-8008	-7321	7066	-178	8637	2406	-3975	1870	7888	4761	-6731	1390
6884	3356	1312	1321	-5571	-7028	-8426	1730	-3224	-9326	2374	7342	-4524	7741	9081	1142	-3103	-93	-9014	5815
-518	-4058	-9148	-3647	5248	3797	-1440	-5914	-67	3613	4473	9061	-5164	-6844	-8582	-3076	3291	-9481	-9457	9349
-6635	-5015	-6144	8681	6199	7785	753	-840	8703	-8344	999	2714	-9541	-3465	-5393	-6492	-3782	-9542	6622	6964
-8998	-5917	-2152	4213	-8234	-5292	-2848	8631	-2213	8270	2304	57	6872	-1078	17	-7717	-6010	8512	6131	983
1432	3892	-1638	9819	2119	6431	1225	2159	-5648	-1833	-6064	1137	-1405	4688	2505	5138	6257	-8304	-4671	6882
-6263	4523	4625	2471	7397	-28	-1529	2426	9972	-9020	-7782	-4771	5320	6082	-404	2922	-619	3584	-9503	4431
-7375	4444	-1918	-7394	-3863	-5137	-4424	-4605	-3444	7100	-7445	4493	-5273	2156	5539	-3383	-8284	7691	3643	4146
8561	-4751	-1432	-528	2680	-5669	4449	9882	2940	671	-9431	-8013	-3120	-4719	-230	-9776	6727	8597	-6646	-5567
7957	1700	5910	2861	-1085	-9433	6834	-2810	2761	1092	1424	8918	4026	3949	-2269	7410	6018	-3541	-8219	173
-7391	-6748	6962	-6026	-4329	4994	-1712	5687	-1625	6263	-5398	-4503	1712	-2685	9853	6117	-4546	-6517	3744	-7938
7071	-9190	603	9762	-1052	5243	1373	4862	-2091	-9261	-2640	5032	-8723	-9303	9099	-8169	9830	5422	5994	2386
-869	4184	670	-1579	-8718	-9367	-5848	4827	6031	-7854	9600	4489	-3070	1056	3374	-4858	-2220	-3049	8345	9966
8274	-6078	465	2799	-9817	6018	7775	9202	-3173	5246	-1567	-4040	-8370	8235	6106	-6905	3847	7806	-5860	4818
3753	8577	6302	-1292	9714	1489	-1342	1993	-8007	-7809	404	1019	-9341	5572	2815	7725	-9236	2053	-3381	-7825
-4069	-2804	3613	-8092	3647	-813	4606	8445	-1699	-4838	-2500	1044	4172	-6836	-4275	-2015	2310	-5260	9329	2927
5343	-6138	-2231	-9636	-3416	989	44	-8318	8774	-4349	4800	3840	4396	-5133	429	-924	2898	-5512	-5017	2738
8230	263	-2054	8600	1722	-8551	-3545	1487	4090	1659	1866	5831	9751	2388	-1447	-1351	-3889	-3772	2119	5611
7625	-313	8232	-4589	6770	377	-2118	2016	2453	-8769	95	1729	-8488	3635	-6872	-6787	3625	-6773	9872	1510
-52	4818	-6752	5542	-9236	5891	1280	-8956	7798	-8166	-8161	-8169	7511	7736	-1753	3299	1340	-4349	2276	571
9300	4161	-5186	3689	-3810	601	-2411	-4237	-4224	-1233	4393	-8466	-6902	2214	-5367	6277	641	-4212	-316	-8666
-8656	3823	-7269	-7321	9907	9394	8426	-1561	-1334	-6810	3640	-6005	5740	-407	-2283	-8452	-7710	-5761	2702	4395
-5861	-335	-6355	-9973	7523	-5420	7341	-5361	7450	-2606	-9852	-6374	3618	1673	-5055	265	8898	-7079	-3845	-9732
-1045	-1627	-4363	-936	7298	1910	5479	7621	6657	-2309	-4242	-6508	-4514	-5373	1591	-4803	-2234	8212	-2794	-3069
-6088	-6014	-3044	-4896	-1204	-3115	806	9437	-212	5492	-4271	-3923	-1244	-3146	-5424	9641	4391	-4518	-3809	-5842
6851	2254	-2804	-5427	9332	636	4028	3840	8642	931	8219	-9300	9187	6065	8991	5025	8821	-5436	-6365	5404
9904	256	-9445	4432	6465	1877	1365	7094	-5798	628	2205	8539	8210	-2148	5735	-7146	-2491	3008	-3154	-4206
3857	-4304	-1095	3473	-8389	-1977	2943	-436	-4822	9899	-9115	-7699	8894	1421	1713	-1482	-3462	6547	2702	-3978
-9672	1898	-9114	-2509	-5720	5583	7862	8993	-397	8572	-6458	-7243	8656	9870	6478	2032	-9207	-9081	-9376	6726
-9250	6349	-9386	-8613	3235	-2200	8060	-5779	2847	-9778	-3007	2503	-8264	-2090	6189	256	-136	5071	-6955	884
-7632	816	5600	6665	-2985	1258	-5997	-7232	-4805	-3263	7869	735	1590	5902	-7206	-6526	3941	-1704	2405	-4762
-9494	9462	-7992	9880	3501	-1676	-5586	-2409	-1649	-9418	-5435	-2804	5903	-9800	-2758	8899	3396	3400	6757	6810
-3993	6352	-8634	-6095	-7063	-9164	-6336	3914	-2646	-7416	-6597	-8996	2374	-6429	-8800	2464	-5285	3351	1795	6445
9930	-9822	-1892	9575	-1349	-921	-5922	1800	5877	-9174	-1626	7922	7924	-5364	-8969	4060	9825	5795	7836	-2877
7776	430	933	-9948	3327	1118	-1891	6329	5440	9229	-3361	4896	4810	4608	7747	7677	7179	-9028	-6097	4678
-6170	1550	9827	-5663	-5962	9811	-9151	6577	9878	7514	-3567	-3620	9154	-9185	3476	-7511	5006	7309	2477	-5061
-9796	-9992	-8925	-1254	4606	-856	4944	6567	-3311	-5803	-6684	9684	6738	-1487	4157	3939	2073	470	-4518	-8267
2438	-5272	-5742	3516	-640	-8072	6356	5957	-9971	-1933	-2551	-2544	2804	1655	-4289	-8061	2097	-8660	-1283	1098
9531	-1929	-8680	-5360	6716	-589	4631	24	4646	-5302	-4941	5210	1694	-6993	-1127	-1644	-9157	-902	-4325	3738
-6237	-477	3731	9998	-4167	-1523	-7430	1753	-6044	1618	5611	-3576	493	1001	-2294	8392	4926	7241	-8010	-4199
3868	2613	-6187	-5000	1816	8575	2164	3213	-6501	-8661	-1836	4731	-818	-3154	-6122	9396	6602	-6575	-7156	-7568
4197	-7879	-2402	7878	3721	-5105	4231	5763	-8818	-2741	-9495	8710	1171	-3291	8652	7252	903	-1975	-3456	7193
4365	808	-5678	2473	541	-4780	-1842	-5868	-3996	2005	-7580	-1659	-372	4768	-8184	7265	5951	-7484	-8752	4197
7555	4537	39	-6953	-7161	5266	3752	-2885	-9103	-7974	6901	8966	7228	-5611	-6780	9526	6662	-6987	7601	-4958
-9028	-9295	-6840	6531	-1933	3815	-8473	4170	-3473	925	3123	3912	-4098	6343	-7109	-6616	7099	-5752	-5071	8861
-4334	8756	4126	-8197	-5133	-8678	-7603	-8881	-5886	3245	-225	-2714	-4629	-36	5980	4075	1539	-1876	-3046	-8497
-9939	-6950	-3550	-370	-4372	6014	9228	5570	-3408	953	2818	4330	-5703	4137	-5791	6538	5727	-4903	-5270	-6103
-3280	3562	202	-971	-4095	6729	5130	-4224	-4768	-8208	9569	-8140	-4591	-3482	-8938	-1285	5909	-1100	4638	-5072
2674	-537	9227	-7173	-5599	6392	2466	-1853	-7356	2527	2715	6309	-8230	-2424	-3511	8732	-1599	6511	-4499	561
-4457	1761	433	-1586	-362	1646	4320	-3985	-9178	-8824	4244	5313	8486	6698	4623	4414	3674	6779	-8191	1530
68	-688	3930	-8033	-1101	-5668	-2087	3775	-8006	3507	-8057	-604	-8639	-5252	-6750	-23	3139	-4656	-1960	-3258
-4735	1070	-5215	8152	-8435	2023	-3848	-171	-1671	2031	9568	-5156	523	6218	-4998	7993	4412	6473	-427	9634
-3876	-8170	-6138	-1875	740	3806	343	815	-7299	578	-6423	-496	4387	6631	-882	3102	5668	-404	9333	-1926
-8827	-5869	3647	5944	3560	8609	-2904	-6157	6367	135	-9063	3256	-5012	9915	3895	9209	-5358	983	-8911	5574
-561	4710	-5114	9245	-182	7751	-6354	9480	222	9328	5294	6314	562	7894	8760	1391	-8050	2348	9792	-8858
-9202	1202	-5397	-3229	8937	-117	3415	6637	-8274	-75	4772	6719	-7557	9826	-9016	-8324	-4902	397	2175	3034
-3186	-8015	-3591	1489	-1632	6710	-8228	-7121	9276	8376	-5146	-3342	8860	-9228	-7611	-5061	9140	-8358	2782	-887
-6203	-1792	-9829	-680	654	-2161	-8673	-8176	8875	-7174	2176	-6743	-80	-1781	-5239	7696	-861	5823	9254	-1447
1693	-1536	-6671	-3931	5811	-9146	3774	-8775	-8806	4308	-8190	-2359	7053	7014	-8133	8666	-696	1919	1310	-2714
-7730	-7214	-6191	-7445	4167	5229	-1042	-9685	-3046	-1760	7885	6026	9444	3491	1147	7872	-8618	-8854	-3915	2449
-6169	-1236	-3504	4230	-7753	6046	-2474	-1397	-7973	1817	5070	2755	5838	7628	-2013	5130	5353	7634	8922	9100
8427	-7841	4840	3414	-4325	2008	1742	-7844	7780	-6742	2060	-3117	4545	426	-2849	8995	-1473	3399	-9748	7578
-5768	9869	-4864	3160	2716	-3555	4302	56	-2710	-1559	6285	7467	-3053	-2528	8277	-7167	-1031	8962	9754	-9857
6659	-4080	-7655	9600	7670	1630	4489	-3571	-4642	-307	-4494	5900	7323	4023	6660	1325	-4146	6171	7723	5741
2013	-9958	4008	-3305	3496	6168	-7085	-5054	-9115	1819	4487	7493	-2723	1741	3000	-6624	5359	-8680	-209	-4548
-269	-4380	1140	-3800	-5751	9133	4527	5739	5029	4086	-9741	-5024	7371	5006	-7144	-8509	6382	-9931	-6581	-6032
-6081	2727	1034	2133	-5275	5185	-2523	2973	8992	8902	444	-7076	-7501	-8086	-7761	3513	-5838	-2964	7931	-9065

